TrainNum=600  k=1  euc
time=277.201242 secs, accuracy=0.8548000000