TrainNum=600  k=1  tan
time=136.636382 secs, accuracy=0.9086000000