TrainNum=6000  k=7  euc
time=648.804786 secs, accuracy=0.9379000000