TrainNum=6000  k=5  euc
time=648.749592 secs, accuracy=0.9372000000