TrainNum=600  k=1  mink1.5
time=73.956833 secs, accuracy=0.8504000000