TrainNum=6000  k=5  mink1.5
time=755.190019 secs, accuracy=0.9356000000