TrainNum=60  k=5  euc
time=34.041252 secs, accuracy=0.5418000000